../bin/norm --ihs --files chb_chr2_108013601_111013601_filtered.ihs.out 


Total loci: 2837
bin	num	mean	variance
0.01	0	nan	nan
0.02	0	nan	nan
0.03	0	nan	nan
0.04	0	nan	nan
0.05	0	nan	nan
0.06	86	0.748815	0.513032
0.07	97	0.296445	0.37089
0.08	90	0.168087	0.491215
0.09	54	0.987796	0.44427
0.1	35	0.582295	0.505426
0.11	50	0.308207	0.343961
0.12	101	0.182824	0.648312
0.13	64	0.820285	0.395486
0.14	44	0.885061	0.51625
0.15	28	0.465113	0.330609
0.16	33	-0.0228124	0.750649
0.17	46	0.382558	1.16112
0.18	12	0.628829	0.559831
0.19	28	0.451043	0.656192
0.2	26	-0.119117	0.626495
0.21	9	0.414153	0.482963
0.22	22	0.00688368	0.625339
0.23	19	0.853838	0.759858
0.24	19	0.358335	0.712141
0.25	15	0.583271	0.641247
0.26	50	1.09183	0.422264
0.27	53	0.927242	0.924972
0.28	132	0.603566	0.172893
0.29	17	0.957597	0.471943
0.3	18	0.307442	0.997259
0.31	55	0.0439724	0.942482
0.32	54	-0.290975	2.63185
0.33	11	0.423413	3.08931
0.34	37	0.776887	2.46329
0.35	50	0.358376	1.42015
0.36	27	-0.509256	4.21517
0.37	37	-0.0506027	0.513437
0.38	12	0.341319	0.503205
0.39	18	-0.185586	0.70855
0.4	10	0.493601	0.344118
0.41	26	-0.451302	0.627315
0.42	19	-0.0852659	0.30311
0.43	31	0.0896551	0.102298
0.44	36	0.315937	0.302351
0.45	16	0.113771	0.193191
0.46	56	-0.155559	0.537275
0.47	36	-0.211721	0.0311558
0.48	17	-0.158256	0.0644809
0.49	4	0.065266	0.316993
0.5	15	-0.480628	0.239863
0.51	19	-0.358748	0.681944
0.52	23	0.000956652	0.372018
0.53	14	-0.337445	0.280213
0.54	37	0.760889	0.312204
0.55	19	0.468341	0.711934
0.56	4	0.0226387	0.144262
0.57	6	-0.11671	0.794294
0.58	2	-0.0251585	1.16496
0.59	2	0.405032	0
0.6	5	-0.155429	0.376626
0.61	6	0.457127	1.38324
0.62	12	0.068011	0.147524
0.63	9	1.09311	0.862498
0.64	10	1.07446	0.176687
0.65	3	1.9112	3.64122
0.66	9	0.617497	0.777363
0.67	34	0.244261	0.261764
0.68	41	0.0454422	0.116878
0.69	15	-0.308436	0.298546
0.7	4	0.791866	0.280427
0.71	10	2.22788	0.0359044
0.72	34	2.00922	0.434537
0.73	7	0.249417	2.18551
0.74	8	1.28604	1.56326
0.75	61	1.85395	0.166605
0.76	13	1.24168	0.128313
0.77	7	1.1722	0.580187
0.78	19	0.270087	0.771189
0.79	9	0.204998	0.644828
0.8	5	0.683371	0.118676
0.81	19	-0.173891	0.662382
0.82	26	-0.470711	1.64973
0.83	12	0.811539	0.157177
0.84	50	0.894422	0.273313
0.85	26	0.191578	1.00016
0.86	22	-0.294232	0.316291
0.87	9	-0.0523099	0.814296
0.88	51	0.260034	1.26884
0.89	94	-1.44025	0.499235
0.9	8	0.754366	0.368929
0.91	16	0.426022	0.484902
0.92	22	-0.0759743	1.90019
0.93	29	0.545731	1.46121
0.94	124	0.927553	0.201428
0.95	167	0.65037	0.37453
0.96	0	nan	nan
0.97	0	nan	nan
0.98	0	nan	nan
0.99	0	nan	nan
1	0	nan	nan
